                                                                                                    
                                            9999999999999                                           
                                      9999998888888888888999999                                     
                                   999 88888777777777777788888 999                                  
                                9998888777776666666666666777778888999                               
                              99 88777766666555555555555566666777788 99                             
                            9988877 66655555444444444444455555666 7788899                           
                          9988777666555444443333333333333444445556667778899                         
                        998877 665554443333322222222222223333344455566 778899                       
                       9 8 7 6655444333222221111111111111222223334445566 7 8 9                      
                      98877665544 33222 111100000000000001111 22233 44556677889                     
                    998 76655443332211110000999999999999900001111223334455667 899                   
                   9 8776 54433 2211 000999988888888888889999000 1122 33445 6778 9                  
                  9887 6554 3 22110009998888777777777777788889990001122 3 4556 7889                 
                 98 7665 4332211009998887777 66666666666 7777888999001122334 5667 89                
                98 76 5443 2110099 8877766666555555555556666677788 9900112 3445 67 89               
               98 76554 3221 0 9 88776665555544444444444555556667788 9 0 1223 45567 89              
              98 765 4332 10099887766 55 4444333333333334444 55 66778899001 2334 567 89             
             98 765 43 2110 988776655544433332222222222233334445556677889 0112 34 567 89            
            98 765 43 21 0998 76655444333222211111111111222233344455667 8990 12 34 567 89           
           9 8765 43 21009 8776 5 4 33222111100000000000111122233 4 5 6778 90012 34 5678 9          
           9876 543 210 9887 6554433221110000999999999990000111223344556 7889 012 345 6789          
          987 6543 210 98 7665 4332211 00999988888888888999900 1122334 5667 89 012 3456 789         
         98 7654 3210 98 76 5443 21100099888877777777777888899000112 3445 67 89 0123 4567 89        
        9 8765 4321 098 76 54 3221 0 9988 77766666666666777 8899 0 1223 45 67 890 1234 5678 9       
        9876 5432 1098 76 54332 1009988777666 555555555 6667778899001 23345 67 8901 2345 6789       
       98 76543 2109 876 543 2110 988776665555444444444555566677889 0112 345 678 9012 34567 89      
       987654 3210 9876 543 21 0998 766 554444333333333444455 667 8990 12 345 6789 0123 456789      
      987 654321 0987 6543 21 09 8776 5544333322222222233334455 6778 90 12 3456 7890 123456 789     
      9876543 21098 7654 321 09887 6554433 222111111111222 3344556 78890 123 4567 89012 3456789     
     987 6543210 98765 4321 098 7665 433222111000000000111222334 5667 890 1234 56789 0123456 789    
     9876543 2109876 5432 1098 76 5443 2 1100099999999900011 2 3445 67 8901 2345 6789012 3456789    
    9 8765432109 876543 2109 876 54 32211009998888888889990011223 45 678 9012 345678 9012345678 9   
    987654 321098765 43210 9876 54332 1009988877777777788899001 23345 6789 01234 567890123 456789   
    98765432109 87654321 0987 6543 2110 988 77 6666666 77 889 0112 3456 7890 12345678 90123456789   
   987 6543210987654 321098 7654 321 0998 77666555555566677 8990 123 4567 890123 4567890123456 789  
   987654321 09876543210 98765 4321 09 87766555444444455566778 90 1234 56789 01234567890 123456789  
   98765432109876 5432109876 5432 109 87 6554443333333444556 78 901 2345 6789012345 67890123456789  
  9 876543210987654321 09876543 2109 87665 433322222223334 56678 9012 34567890 123456789012345678 9 
  98765432 1098765432109876 543210 9876 5443 22111111122 3445 6789 012345 6789012345678901 23456789 
  987654321098765 4321098765432 10987 654 32211000000011223 456 78901 2345678901234 567890123456789 
  9876543210987654321098 7654321098 7654 32 100 99999 001 23 4567 8901234567 8901234567890123456789 
  987654321098765432109876543 21098765 432110 998888899 011234 56789012 345678901234567890123456789 
  98765432109876543210987654321098 765432 10998877777889901 234567 89012345678901234567890123456789 
 9876543210987 654321098765432109876543 2109 87766666778 9012 345678901234567890123456 7890123456789
 987654321098765432109876 5432109876543210 987 6555556 789 0123456789012345 678901234567890123456789
 987654321098765432109876543210987 6543210987 65 444 56 7890123456 789012345678901234567890123456789
 9876543210987654321098765432109876543210 98765443334456789 0123456789012345678901234567890123456789
 987654321098765432109876543210987654321098765 4322234 567890123456789012345678901234567890123456789
 987654321098765432109876543210987654321098765432 1 234567890123456789012345678901234567890123456789
 987654321098765432109876543210987654321098765432101234567890123456789012345678901234567890123456789
 987654321098765432109876543210987654321098765432 1 234567890123456789012345678901234567890123456789
 987654321098765432109876543210987654321098765 4322234 567890123456789012345678901234567890123456789
 9876543210987654321098765432109876543210 98765443334456789 0123456789012345678901234567890123456789
 987654321098765432109876543210987 6543210987 65 444 56 7890123456 789012345678901234567890123456789
 987654321098765432109876 5432109876543210 987 6555556 789 0123456789012345 678901234567890123456789
 9876543210987 654321098765432109876543 2109 87766666778 9012 345678901234567890123456 7890123456789
  98765432109876543210987654321098 765432 10998877777889901 234567 89012345678901234567890123456789 
  987654321098765432109876543 21098765 432110 998888899 011234 56789012 345678901234567890123456789 
  9876543210987654321098 7654321098 7654 32 100 99999 001 23 4567 8901234567 8901234567890123456789 
  987654321098765 4321098765432 10987 654 32211000000011223 456 78901 2345678901234 567890123456789 
  98765432 1098765432109876 543210 9876 5443 22111111122 3445 6789 012345 6789012345678901 23456789 
  9 876543210987654321 09876543 2109 87665 433322222223334 56678 9012 34567890 123456789012345678 9 
   98765432109876 5432109876 5432 109 87 6554443333333444556 78 901 2345 6789012345 67890123456789  
   987654321 09876543210 98765 4321 09 87766555444444455566778 90 1234 56789 01234567890 123456789  
   987 6543210987654 321098 7654 321 0998 77666555555566677 8990 123 4567 890123 4567890123456 789  
    98765432109 87654321 0987 6543 2110 988 77 6666666 77 889 0112 3456 7890 12345678 90123456789   
    987654 321098765 43210 9876 54332 1009988877777777788899001 23345 6789 01234 567890123 456789   
    9 8765432109 876543 2109 876 54 32211009998888888889990011223 45 678 9012 345678 9012345678 9   
     9876543 2109876 5432 1098 76 5443 2 1100099999999900011 2 3445 67 8901 2345 6789012 3456789    
     987 6543210 98765 4321 098 7665 433222111000000000111222334 5667 890 1234 56789 0123456 789    
      9876543 21098 7654 321 09887 6554433 222111111111222 3344556 78890 123 4567 89012 3456789     
      987 654321 0987 6543 21 09 8776 5544333322222222233334455 6778 90 12 3456 7890 123456 789     
       987654 3210 9876 543 21 0998 766 554444333333333444455 667 8990 12 345 6789 0123 456789      
       98 76543 2109 876 543 2110 988776665555444444444555566677889 0112 345 678 9012 34567 89      
        9876 5432 1098 76 54332 1009988777666 555555555 6667778899001 23345 67 8901 2345 6789       
        9 8765 4321 098 76 54 3221 0 9988 77766666666666777 8899 0 1223 45 67 890 1234 5678 9       
         98 7654 3210 98 76 5443 21100099888877777777777888899000112 3445 67 89 0123 4567 89        
          987 6543 210 98 7665 4332211 00999988888888888999900 1122334 5667 89 012 3456 789         
           9876 543 210 9887 6554433221110000999999999990000111223344556 7889 012 345 6789          
           9 8765 43 21009 8776 5 4 33222111100000000000111122233 4 5 6778 90012 34 5678 9          
            98 765 43 21 0998 76655444333222211111111111222233344455667 8990 12 34 567 89           
             98 765 43 2110 988776655544433332222222222233334445556677889 0112 34 567 89            
              98 765 4332 10099887766 55 4444333333333334444 55 66778899001 2334 567 89             
               98 76554 3221 0 9 88776665555544444444444555556667788 9 0 1223 45567 89              
                98 76 5443 2110099 8877766666555555555556666677788 9900112 3445 67 89               
                 98 7665 4332211009998887777 66666666666 7777888999001122334 5667 89                
                  9887 6554 3 22110009998888777777777777788889990001122 3 4556 7889                 
                   9 8776 54433 2211 000999988888888888889999000 1122 33445 6778 9                  
                    998 76655443332211110000999999999999900001111223334455667 899                   
                      98877665544 33222 111100000000000001111 22233 44556677889                     
                       9 8 7 6655444333222221111111111111222223334445566 7 8 9                      
                        998877 665554443333322222222222223333344455566 778899                       
                          9988777666555444443333333333333444445556667778899                         
                            9988877 66655555444444444444455555666 7788899                           
                              99 88777766666555555555555566666777788 99                             
                                9998888777776666666666666777778888999                               
                                   999 88888777777777777788888 999                                  
                                      9999998888888888888999999                                     
                                            9999999999999                                           
